image_width: 640
image_height: 480
camera_name: narrow_stereo
camera_matrix:
  rows: 3
  cols: 3
  data: [706.156034, 0.000000, 308.674187, 0.000000, 707.000735, 251.985347, 0.000000, 0.000000, 1.000000]
distortion_model: plumb_bob
distortion_coefficients:
  rows: 1
  cols: 5
  data: [0.075044, -0.527219, 0.002333, -0.003211, 0.000000]
rectification_matrix:
  rows: 3
  cols: 3
  data: [1.000000, 0.000000, 0.000000, 0.000000, 1.000000, 0.000000, 0.000000, 0.000000, 1.000000]
projection_matrix:
  rows: 3
  cols: 4
  data: [700.410217, 0.000000, 306.424314, 0.000000, 0.000000, 708.004700, 252.732036, 0.000000, 0.000000, 0.000000, 1.000000, 0.000000]
