# oST version 5.0 parameters


[image]

width
640

height
480

[narrow_stereo]

camera matrix
706.156034 0.000000 308.674187
0.000000 707.000735 251.985347
0.000000 0.000000 1.000000

distortion
0.075044 -0.527219 0.002333 -0.003211 0.000000

rectification
1.000000 0.000000 0.000000
0.000000 1.000000 0.000000
0.000000 0.000000 1.000000

projection
700.410217 0.000000 306.424314 0.000000
0.000000 708.004700 252.732036 0.000000
0.000000 0.000000 1.000000 0.000000

